200 200
0 0.10707 1.3332 0.20221 0 11.6 0 1.447 4.4666 2.7362 17.177 8.7697 13.781 6.6689 0 4.8469 17.873 6.0567 0.98429 15.208 11.358 4.6711 0 0 11.381 3.1248 10.157 7.1814 0.47324 8.5159 4.8249 0.13936 5.2779 1.4681 0.013492 2.5322 13.117 14.029 6.3061 4.5901 8.2882 13.071 3.1863 7.5569 13.875 0 0 6.2593 6.7121 1.5781 1.8248 8.0549 9.8528 17.543 2.6106 2.5062 0 5.3986 2.5639 0.00016252 0 1.4892 6.1394 0 16.087 1.5235 0 9.103 0 11.345 3.6141 1.2925 14.12 1.0621 3.7028 5.6796 2.2691 13.125 0 6.4683 4.4343 0 2.7051 16.995 0 0 15.47 3.984 6.678 0.8492 0 13.18 10.545 9.7837 5.7652 22.706 0 0 15.002 6.7703 0 0 0 2.2846 5.738 3.7139 0 0 3.6045 0 0.57025 7.1574 8.7118 16.482 6.5808 9.157 11.425 7.2587 4.5201 13.199 22.012 9.0235 10.377 2.0805 12.464 13.099 11.346 0 9.641 6.4288 0 0 26.427 8.3309 8.5133 7.0117 0 0 6.1584 6.5617 8.0446 0 14.068 11.44 0 15.729 16.884 8.7472 10.734 0 0 0 8.8351 12.127 5.8582 0 21.089 3.5058 0 0 6.5556 3.5659 11.588 5.9062 5.7882 11.259 0 2.6644 4.9845 16.132 0 0 0 4.0195 6.6368 7.5918 14.136 5.326 4.3834 4.7351 4.9556 0 9.0238 0.42279 2.7369 0 11.353 0 0.92087 15.583 4.4322 5.6399 12.281 2.0252 4.3841 14.281 7.964 3.4925 9.8185 0
0.10707 0 0 5.36 5.9155 0 5.1871 4.6537 9.1037 17.23 0 16.16 3.7811 0 8.3502 6.2565 0 0.87657 4.7657 8.3995 0 13.368 9.1792 0 0.80814 4.5552 23.251 10.038 13.138 11.206 0 10.886 9.1003 3.8038 0 10.567 1.9154 14.237 9.7675 0 1.4225 6.1085 0 2.1508 1.9506 5.5637 16.47 14.342 6.5725 5.8078 15.785 1.6978 13.996 11.173 10.271 6.2007 11.018 0 8.6017 7.6306 0 11.953 0.86981 13.569 19.254 3.6109 2.1071 5.4992 0 11.686 13.081 10.579 10.813 12.965 5.7123 2.2225 12.344 11.052 14.23 2.5666 4.918 9.5518 20.626 0 5.6371 7.8813 16.073 4.9819 5.1515 8.0886 10.588 7.2828 4.424 5.2902 4.488 6.2548 7.9616 0 0 13.24 4.129 7.6833 1.0904 12.701 1.6398 10.956 1.631 3.2004 0 5.7788 2.0652 3.3245 12.175 1.3624 11.316 1.3425 10.017 0.59849 2.1683 24.701 1.4209 0.88388 0 11.08 0 7.7978 0 1.0407 0 8.2235 0 12.09 10.833 0.74153 8.8806 0 0.23696 12.556 4.4092 5.6037 7.166 3.7843 3.3759 0 4.9001 6.7762 6.403 11.514 6.455 17.199 3.1654 6.1097 9.3027 11.405 11.789 0.076049 2.0078 13.164 0.25971 11.872 15.691 6.9353 17.947 6.276 7.8097 4.0917 9.0583 15.691 0 5.7974 10.084 5.9888 7.462 5.2535 0 9.9717 0 5.3449 6.3676 13.137 0 15.415 10.797 11.684 4.6454 4.1214 0 0 13.655 5.1441 14.262 13.827 15.516 6.6244 6.3047 1.8264 12.051 0 14.319 14.185
1.3332 0 0 8.1188 0 10.393 5.446 8.2169 0 20.749 7.159 17.629 14.804 0 0 3.6961 0 15.862 8.029 1.1563 5.6552 6.8649 0 8.8748 5.1516 10.553 8.5518 12.345 5.7621 16.149 6.1035 6.0785 9.9419 0.73605 13.031 0.97502 0 0 19.977 3.9229 14.292 8.5353 0 9.0051 15.094 21.136 14.782 8.729 0 0 0 7.6738 3.1131 15.636 17.261 0.24792 10.194 0 4.2652 16.107 4.4225 0 0 4.6417 0 10.47 0.0044116 6.4115 0 14.334 9.7528 0 5.57 2.7459 9.9414 12.913 13.985 9.5791 0 0 0 3.9158 10.924 8.9364 1.9704 12.822 0 3.4175 8.6412 0 12.628 11.659 1.0819 7.6305 3.6597 0.42688 7.5158 5.221 0 14.542 7.4525 0 7.5317 3.8199 12.779 7.2411 5.8526 1.7694 0.76287 0 0 0 0 14.204 0 4.2405 4.9211 14.022 2.6069 3.8407 5.1492 6.9894 12.13 2.8834 5.0611 2.7857 0.45693 0.92301 2.3484 15.876 0 0.75066 12.402 10.056 12.756 0.43412 1.4756 0 13.579 19.239 1.9222 12.969 5.204 5.9207 12.985 15.797 9.408 9.0147 2.308 4.8559 4.0718 3.2364 14.252 8.5509 9.2211 4.5438 0 12.587 0 5.8021 13.81 17.988 0 0 3.4995 0 0 0.49359 12.713 4.8171 0 9.4261 15.303 0 2.4888 0 13.216 7.3565 9.1079 0 7.9902 5.9275 0 0 5.7642 10.14 1.7888 8.1691 0 0 11.01 13.934 9.4224 4.0136 3.4214 23.416 8.5711 0.41732 3.0565 7.0785
0.20221 5.36 8.1188 0 3.1336 8.8164 5.9801 0.51084 3.1324 4.3273 2.1945 14.194 2.4464 5.7074 0 8.6324 4.48 11.946 5.2203 20.127 7.5595 13.843 15.532 9.8592 17.974 9.7324 2.7187 14.74 4.6413 8.9364 8.2539 7.8893 0 11.963 0 7.8692 13.257 14.813 5.4229 14.647 0 7.4921 2.2728 1.3461 11.534 14.689 13.289 0 6.8253 9.9004 11.809 9.8548 0 12.22 12.004 2.6191 0 5.6501 0.93758 6.011 6.6728 4.6479 6.7204 6.346 0 6.1189 7.517 0 4.4442 17.357 9.3899 9.7834 14.455 0 6.9961 9.285 8.8903 0 8.8398 4.4296 17.769 0.033564 0.26654 14.328 16.644 0 12.24 3.4165 0 0 8.1383 2.6283 10.927 6.0292 4.2908 2.9523 1.2429 7.9103 8.1469 2.521 5.4277 0 0.47288 5.8679 5.7508 8.2479 13.126 1.3948 12.619 12.149 2.0898 12.499 1.7391 0 6.934 13.368 7.1524 4.4254 2.6837 0 10.764 4.9642 2.2661 0.82016 1.6829 3.2126 6.7006 10.511 0 4.4942 5.2078 0 14.862 6.0271 0 15.274 5.3794 6.1157 5.3582 10.609 6.8002 5.1886 2.434 0 4.7551 2.4633 15.639 2.4911 2.0333 5.7534 6.9048 0 3.096 5.2577 8.2131 8.4486 11.191 13.285 0 5.4775 2.5234 12.428 8.9816 6.2705 11.47 19.711 14.105 3.2734 16.263 0 5.7411 0 7.0959 5.2145 10.194 11.711 14.475 10.536 0 11.409 10.11 6.6835 0 15.403 2.1802 20.236 13.839 8.9149 18.241 3.047 7.8489 1.1979 19.941 0.52252 14.091 9.945 4.2129 2.4128 1.7894 15.518
0 5.9155 0 3.1336 0 0.086476 10.228 16.953 0 0 0 8.4487 0 2.4795 0.49316 6.1349 0 9.7807 11.076 0 2.5096 9.8713 15.606 10.567 0.76684 11.39 12.923 18.997 7.3855 7.3452 0 8.022 11.691 0 10.599 2.0748 16.202 0 5.8784 4.7838 0 6.7143 12.035 0 0.44486 6.2412 8.7588 19.873 9.8271 3.3289 19.72 0 0.97521 0.31355 0 10.346 0 0 11.567 4.2317 8.3314 7.5982 5.5226 19.894 0 0 0 6.3137 1.4246 10.189 0.5628 0 0 14.607 0 8.7537 0 18.005 16.49 2.0487 3.1636 10.111 7.3449 1.4144 10.578 22.312 3.1962 0 0 3.6346 10.054 5.5868 23.422 16.534 0 4.535 7.0894 0 0 13.527 0 0 10.324 2.1581 4.2433 23.13 6.393 0.58919 4.3166 0 8.945 3.9806 18.549 12.432 17.455 23.703 16.619 20.752 0 0 19.295 7.8294 2.9987 4.5074 1.1784 1.8635 17.072 5.0546 4.7983 7.9952 0 23.411 8.5388 21.066 0.34117 4.0272 10.949 0 1.296 0 3.679 0 14.643 10.604 11.534 0 24.957 0 7.8369 0 3.1342 3.9925 1.3321 19.169 11.172 11.257 5.0078 1.6987 12.284 6.9316 5.5394 6.7077 0 6.0553 10.871 0 0 8.5756 6.6449 0 2.2025 0 5.5732 1.5562 9.5852 0 4.3106 6.2755 27.785 14.018 0 7.0713 11.77 0.45893 3.4876 10.066 3.7016 0 7.7417 0 11.234 8.1672 17.697 0.71301 0 9.9482 10.169 0 9.0262 1.9306
11.6 0 10.393 8.8164 0.086476 0 8.4922 21.658 0 9.4496 5.4008 9.8462 6.6236 22.139 8.6099 13.596 10.121 0 6.8211 2.0272 7.2528 8.3218 16.239 18.611 15.026 0 4.6428 6.5277 9.9819 11.462 5.7041 4.8054 2.6295 1.1617 7.797 10.1 19.206 0 11.998 4.1081 0 5.5946 5.3993 14.681 4.928 0.92538 11.204 0 0 0 6.9213 13.681 0 5.3861 3.721 0.34455 11.822 12.675 2.6942 12.927 2.0726 10.875 3.8652 6.4567 4.6759 0 3.7215 8.5927 9.292 4.9015 0 15.195 3.3542 3.6801 0 16.308 0 4.0713 1.8181 6.4097 4.7366 16.516 1.781 4.5126 6.8893 5.9865 0 2.5909 15.204 10.97 4.3848 7.2813 12.615 3.3347 6.2963 2.8158 10.123 2.1849 0 6.3877 6.9977 12.412 3.8446 0 4.5341 0 7.9902 1.1922 0 0 8.8493 3.3935 0 15.399 0.79219 7.4076 17.956 0 16.952 9.0786 0.23983 5.6715 4.4028 11.066 14.598 8.1465 0.63007 8.3214 0.48607 10.08 4.4725 1.1083 6.6699 8.92 14.766 4.9334 8.0149 0 10.617 24.335 5.5892 5.6497 5.8597 6.9175 0.79299 17.731 3.0616 10.033 0 5.6316 2.9479 13.29 0 0 15.792 0 0 5.479 1.3185 5.1833 11.638 8.0823 8.7426 7.4061 27.835 2.4203 5.4325 9.0651 0 10.084 0 14.576 7.8574 0 1.1031 9.6176 15.444 0.63274 0 7.2703 0 7.9537 0 0 4.732 0 5.5675 11.539 5.4477 13.314 11.753 22.097 7.085 8.4762 4.5741 12.143 4.948 0 9.7196 0.53522
0 5.1871 5.446 5.9801 10.228 8.4922 0 0 0 2.7279 10.717 3.4045 12.63 5.9717 13.881 0 4.0058 9.5201 9.9304 0 8.3701 14.437 4.8751 5.5026 4.972 2.7845 0 18.965 2.9084 0 0.34155 0 0.36889 11.163 0 0 0 12.776 5.9274 1.3471 13.678 14.248 5.1559 19.539 6.623 0 0 5.9059 9.6873 3.0895 0 0 4.0379 1.1097 4.9752 5.1045 14.089 7.1097 16.062 5.3911 10.445 15.388 0 5.1107 0 8.9068 0.88524 4.5039 10.449 8.5601 21.003 6.7774 17.466 10.406 5.6773 1.7631 5.2586 14.331 1.0476 6.8837 11.806 6.0715 8.7702 14.249 13.649 20.596 2.8788 3.8922 0 4.3609 14.107 0 5.3034 16.853 15.036 13.553 4.0498 0 20.158 0 0 4.9325 13.212 5.6646 0 14.64 11.549 0 4.764 7.7165 0 0 13.463 20.38 5.3216 4.863 2.6936 2.6255 6.5739 5.1306 8.1991 0 8.604 5.0333 6.3512 0 5.2015 0 11.276 4.5249 7.8116 8.1513 11.749 9.8114 6.3114 4.4065 3.4162 7.6139 15.404 0.31142 4.3209 21.043 4.161 2.3357 0 0.84466 7.3897 8.4658 1.6343 0.61285 7.5555 2.0807 5.5914 5.0503 13.428 11.007 15.121 8.4731 0 4.4882 9.3857 0 16.494 1.9274 13.987 17.545 4.6492 0.40655 0 17.164 4.5473 10.355 19.728 4.031 1.6274 13.17 11.842 0.33127 13.56 0 13.555 0 8.6464 12.073 0 0.089904 0 5.817 0 12.996 0 4.3897 14.077 6.918 8.9407 4.1041 3.7954 0.80071 0 8.9307
1.447 4.6537 8.2169 0.51084 16.953 21.658 0 0 0.61205 2.1052 9.344 7.8792 5.4974 0 13.052 0 1.6381 0 0 8.9824 23.39 4.1806 14.795 14.453 7.5893 5.6817 0.11326 0 2.8645 3.2287 2.6645 13.19 4.2047 13.615 15.204 16.771 11.713 18.828 0.82211 0.68217 3.2169 4.8119 0.55022 8.1111 3.6993 10.325 0 6.5484 0 9.9893 4.1482 4.62 0 19.536 10.733 9.0564 1.6572 5.2395 0 6.7932 0 0.72046 3.2114 17.558 9.0719 16.778 6.1701 12.451 0 5.3354 6.4091 0 9.0095 9.1205 10.679 13.835 1.6707 0.94552 6.4957 10.313 3.025 10.461 0 0 4.1152 5.3601 5.1931 0 5.9887 9.648 0.054712 5.1658 0 14.046 15.729 11.256 6.9921 3.0431 0 4.5353 19.008 6.8272 8.4197 12.508 14.059 1.6156 4.0605 10.351 11.037 10.278 15.278 15.286 1.7209 20.351 4.3754 5.6498 4.5594 10.23 15.079 23.883 5.7286 6.6133 24.442 0 8.3398 0.079465 7.4497 0 17.469 16.753 6.6804 0.24393 2.2322 5.3379 0 2.3984 14.78 13.316 16.446 3.4362 0.72746 14.87 0 4.0554 7.6725 9.4793 9.5537 0 1.0791 3.9744 2.7174 0 5.3133 5.9266 1.8165 2.6337 10.312 2.5256 12.941 15.392 9.5332 11.302 6.824 18.712 5.6195 0 11.889 1.2614 14.646 0 10.018 0 0 8.9757 10.291 0 24.718 2.9393 11.242 5.9713 8.8766 6.8312 1.1468 9.708 0 1.8421 6.2908 3.418 0 2.721 0 0 11.669 2.0142 5.6839 10.825 13.807 10.978 0 0.72225
4.4666 9.1037 0 3.1324 0 0 0 0.61205 0 9.0898 10.732 6.4909 10.901 0 0 11.552 12.311 6.7535 14.832 12.68 7.759 9.8756 2.0808 14.424 8.4017 2.6535 10.763 12.745 0 12.75 0 5.1154 9.844 10.713 3.954 8.2538 3.7421 11.455 3.8124 0 0 4.01 10.046 0.020522 13.45 20.925 0.51177 0 5.3439 0 10.932 0.53552 0.065338 5.2549 19.859 21.962 8.2378 14.27 7.4936 3.7677 9.9564 16.332 0 7.2983 13.342 4.0704 10.916 0.64233 9.435 0 0.34218 9.8156 1.0863 0.75613 12.877 5.6702 6.9928 0.059106 13.864 12.547 4.7479 18.677 0 6.649 9.8022 13.641 6.2378 0 5.0017 7.8431 16.854 19.434 1.4811 22.089 21.64 14.067 11.215 5.827 14.529 0 12.042 12.132 4.7194 1.0944 4.9467 6.5846 9.0989 5.0987 0 17.39 18.323 3.4908 4.1732 3.6485 5.0831 17.646 0 10.278 14.524 0 11.938 8.4555 18.674 2.0898 9.7208 15.17 17.244 13.243 10.438 0 6.8838 5.8607 0 12.983 11.643 19.874 7.557 4.1621 4.5007 13.106 0.10233 18.693 23.22 10.278 0 15.144 4.1499 0 9.1434 13.707 5.509 12.676 12.219 13.74 0 5.4351 0 0.63278 8.4098 8.8352 19.803 4.5189 0 7.6826 8.4206 13.16 12.694 0 12.163 15.799 21.723 1.3017 19.761 6.077 0 4.1752 12.62 2.4466 4.8801 16.834 10.128 9.4309 21.963 11.252 7.244 12.528 0 8.7207 20.366 3.3149 16.004 7.9305 9.3886 2.0276 3.6891 6.067 7.4318 4.8613 8.487 0
2.7362 17.23 20.749 4.3273 0 9.4496 2.7279 2.1052 9.0898 0 0 10.756 0 0 9.8794 3.2759 6.1339 0 3.8192 7.9698 7.6863 4.3321 11.204 7.5225 0 9.9601 2.9739 6.7241 3.9016 4.058 1.9697 2.358 2.5415 10.195 11.748 15.497 0 0 11.478 17.548 10.846 3.6048 7.2254 7.108 7.5098 1.1707 2.6991 0 0 3.2184 0 11.611 3.6255 11.075 0 6.0519 1.3719 8.0408 7.1544 17.478 11.994 6.4546 1.3469 3.9095 20.084 16.893 0 11.399 7.8745 3.6981 0 0 0 11.063 8.3258 6.9721 0 9.7485 15.709 24.338 10.274 7.3496 10.19 12.218 13.918 3.703 14.633 9.8202 12.272 4.9229 20.611 10.055 9.2377 4.6783 0 0.73846 1.8933 8.2903 3.9308 12.846 7.274 10.194 2.6824 14.386 8.9966 9.1071 0 4.2168 3.4384 0 0.83747 13.351 4.7581 13.567 15.647 6.1789 3.5422 17.383 9.3674 8.7325 10.08 6.4687 0 0 14.882 11.184 7.516 0 10.489 5.3952 4.7807 3.6614 7.8198 0 12.079 7.7261 0 9.7341 11.512 1.6808 12.529 4.9606 4.5462 10.954 9.1145 0 4.4832 21.019 6.3595 5.6822 0 20.173 0.25113 16.657 0 1.6907 7.1227 14.371 5.2067 5.7639 18.474 12.898 18.331 2.7877 8.5893 9.1306 0.62505 15.764 0 5.2577 5.7279 0 12.576 7.4197 0 4.2502 2.9737 0 8.4828 0 11.26 2.8454 0 13.634 0 16.282 8.1277 14.594 13.759 5.276 7.1671 0 3.5712 2.7711 14.554 12.614 3.4453 9.6597 5.0182 6.8094
17.177 0 7.159 2.1945 0 5.4008 10.717 9.344 10.732 0 0 14.135 18.317 8.1719 14.499 7.0863 10.426 0.82389 3.1018 2.9785 0.20071 14.44 6.0635 16.026 2.8983 0 10.024 4.9059 4.8074 0 3.1253 6.199 0.39464 11.611 7.3041 0 6.3784 7.7321 0.90845 3.142 10.869 0 11.589 8.7478 10.767 3.9693 0 4.9105 1.1568 4.5347 0 6.4318 0 10.896 10.141 3.4871 6.283 7.4661 12.074 16.346 3.769 2.7163 0.23373 8.9805 0 20.83 11.871 9.5885 13.954 0.3537 5.6517 4.5913 17.416 18.618 2.5915 4.8907 2.8471 13.72 10.78 18.52 19.085 5.9466 0 3.1624 10.342 7.811 11.693 15.333 2.7017 10.173 14.572 0 1.4019 9.0744 18.896 4.2643 6.0118 7.8043 5.9655 0 9.4617 0 0.14302 7.8519 19.192 11.804 0 4.2496 0 11.688 0.31493 3.956 1.0201 2.0279 11.906 5.2459 5.0501 0 18.422 4.2117 1.3103 7.1203 0 4.6505 8.3476 4.9598 3.4746 4.7709 0 3.4666 9.9916 0 12.05 0 0 8.0797 10.978 12.779 6.7524 0 0 4.547 17.798 5.0361 13.88 2.1575 0 0 3.991 16.643 14.49 0 0.52041 10.529 6.3524 0 4.4098 0.9611 10.934 11.387 0 2.2067 6.6653 2.8079 6.3844 17.13 11.897 7.5677 16.121 0 0 15.275 2.9029 5.2157 2.427 14.373 0 12.868 6.1828 8.0289 0 9.0093 19.822 20.593 0 9.7555 6.4679 17.579 3.2427 7.7329 4.9116 8.8815 11.858 10.8 0.71876 0 6.1956 6.8682 8.7942 13.574
8.7697 16.16 17.629 14.194 8.4487 9.8462 3.4045 7.8792 6.4909 10.756 14.135 0 2.069 5.148 3.2517 18.591 9.7436 9.7152 5.6985 5.7696 13.463 0.39764 2.9183 4.4596 17.885 3.3344 7.0647 14.405 17.02 12.447 16.484 7.2444 5.069 2.8275 9.6888 14.345 6.7073 0 13.458 13.602 0 4.684 0 5.9294 0 13.633 9.7365 6.9301 11.224 12.417 7.5431 12.029 18.571 21.416 12.139 5.2807 0 10.274 0 14.866 12.917 15.896 10.471 12.913 14.686 7.6919 5.1128 11.554 3.9684 1.1027 9.8631 14.638 13.905 5.203 0 5.433 17.142 12.62 12.033 10.369 14.258 1.5772 1.8514 4.4988 16.347 11.739 18.94 0 7.8267 5.7138 18.124 5.4238 4.0408 11.118 8.8039 11.234 14.032 13.677 15.086 12.063 12.558 3.6517 7.867 6.9153 14.788 8.3162 6.1098 7.4268 7.299 9.947 6.0186 15.863 0.22243 6.2251 15.531 10.261 0.85951 4.3076 17.947 20.745 2.1078 3.4729 8.2292 15.549 0 11.958 11.925 4.2649 4.8006 4.1577 9.0863 10.283 20.193 9.4721 0 20.678 16.229 8.4017 0 0 21.498 0 11.36 13.029 0 15.428 7.0285 16.121 5.0838 18.471 3.5359 7.7333 8.9888 2.4487 7.9339 6.1525 10.96 12.918 5.1018 12.055 14.504 14.063 14.653 16.345 10.284 17.799 8.81 12.7 13.179 18.008 6.6753 6.0541 7.4084 10.276 3.4232 6.0289 13.483 12.818 21.214 0 20.982 4.9265 20.004 15.105 10.039 21.169 14.199 21.188 0 12.37 11.972 18.23 16.023 2.3165 6.1491 22.642 22.301 4.1802 5.5557 8.7057
13.781 3.7811 14.804 2.4464 0 6.6236 12.63 5.4974 10.901 0 18.317 2.069 0 2.417 0 0 0 1.7639 13.583 2.1498 1.7583 12.262 4.3997 9.4509 0 0 14.795 11.626 6.8169 3.4611 7.8134 5.4322 0 2.2651 1.6183 3.8948 0 2.4514 8.2272 19.532 9.5207 1.8575 1.8435 9.6315 0.12302 17.268 8.891 8.6477 2.8898 16.178 10.185 18.616 10.623 0 0 4.238 5.541 0 4.8943 0 0 9.9563 4.4703 6.6908 3.3277 5.3079 0 13.468 23.982 9.8414 3.4031 9.9814 0.78114 16.942 0 0 3.9728 4.7447 6.9775 0 1.1425 0 5.2015 11.665 0 2.9657 2.7575 17.354 0 9.1254 14.807 0 6.8147 10.266 1.7866 9.0986 3.4066 16.936 0.38938 8.3615 0 9.7926 1.787 1.9092 10.272 15.539 0.81162 7.9212 1.533 3.5687 18.549 0.53126 16.284 0.54216 4.5726 6.7608 3.1692 16.351 7.5736 0 6.4508 0 7.8841 17.998 0 2.3165 0 8.8758 9.6864 6.2711 9.5694 0 8.9936 7.3972 0 6.7474 10.395 2.2294 8.5147 0 7.3372 0 13.651 8.0641 0 5.1983 7.2895 0 13.835 1.1928 0.86895 0 0 7.9937 0 4.1205 9.4443 10.033 0 1.6195 4.8682 0 0 6.4597 19.479 16.443 13.777 5.8206 4.3073 3.4665 3.5136 12.282 3.2152 2.3898 11.393 2.1855 10.287 12.646 7.9851 8.5829 10.063 0 10.226 7.9026 4.0691 6.3392 14.77 9.4168 5.9502 1.4242 10.638 0 5.6103 8.214 15.256 0 0 11.9 5.294 0
6.6689 0 0 5.7074 2.4795 22.139 5.9717 0 0 0 8.1719 5.148 2.417 0 1.0171 14.611 1.6274 5.5499 1.6471 9.2713 10.053 11.408 0 6.282 16.557 0 14.35 14.046 13.385 0 4.2937 2.8187 0 0 0 0 0 0.44554 5.9921 0 21.849 12.473 6.3693 4.7901 0 5.4204 0 12.349 1.8872 6.7472 2.8794 6.4136 2.8516 0 8.6879 14.629 2.4436 5.7674 7.1454 7.6108 2.518 6.7948 7.8443 2.4731 0 10.332 8.5635 12.493 10.476 13.784 9.8719 15.805 2.5426 0 7.4323 15.869 0 13.372 6.5674 8.8509 3.0283 6.0771 11.233 15.887 2.8325 0 2.4992 10.096 21.802 5.3267 7.0092 1.2874 20.572 8.7954 0 13.29 0 1.4446 2.539 5.5817 12.602 10.366 0 9.9715 8.0185 14.33 4.2003 0 1.9945 5.3243 8.7491 6.7852 10.28 0 0 21.554 2.5951 13.784 0 10.847 6.6806 12.634 0 9.5513 16.362 0 0 0 2.4529 0.98627 12.317 0 0 10.26 18.198 8.4091 0.31552 7.6303 10.995 9.0775 6.0035 7.802 0 0 12.707 3.5942 15.248 0.43503 14.989 0 8.5426 10.539 2.1734 5.9874 6.672 11.555 10.361 5.7065 13.495 4.4526 3.942 0 4.5396 4.489 8.4496 12.058 10.033 7.1585 1.56 11.856 0 8.1608 0.93307 0 8.229 12.856 11.854 21.833 2.55 7.5779 0 12.082 12.902 0 6.2616 6.8915 8.7623 0 2.6825 8.914 4.9045 9.2454 1.7205 3.7996 10.847 10.114 7.6349 3.006 0 12.342
0 8.3502 0 0 0.49316 8.6099 13.881 13.052 0 9.8794 14.499 3.2517 0 1.0171 0 0.96075 5.097 1.6197 0 7.562 6.3729 9.3999 7.3403 11.831 14.334 7.2701 1.4172 9.2738 0 7.9536 9.72 5.9556 2.9189 4.8476 11.779 6.0875 0 15.55 21.819 16.361 0 6.0927 14.488 2.7779 8.2321 13.467 2.2801 0 0 7.275 5.9045 0.3614 0 0 6.6958 4.6807 0 11.323 1.3655 5.3166 11.454 2.7903 0 3.0991 8.4253 12.724 2.9679 5.9726 9.4186 2.173 13.439 5.6081 20.977 0 4.7882 9.2953 1.6541 5.2634 6.9297 3.0124 0 13.131 6.2646 7.8789 0 12.24 5.9001 1.4782 4.5232 6.5797 2.2594 21.232 12.862 7.5713 7.292 2.9806 15.276 2.8143 0 8.556 0 5.1812 4.023 5.6829 0.57843 0.43782 0.27784 14.975 9.0094 2.9875 0 2.4277 1.7166 7.7474 0 12.028 0 11.604 10.813 5.4483 7.7312 9.598 12.757 2.0663 6.6356 11.376 14.518 14.203 0.49439 5.1436 4.4142 4.5268 3.2523 9.8355 3.7044 14.711 14.867 4.0426 7.6633 19.405 0.40407 17.738 2.9662 4.0228 16.161 2.3785 12.893 14.989 7.3356 9.3788 1.5153 1.0185 3.9419 3.0298 5.185 6.7067 5.7489 7.2897 20.421 14.008 14.926 6.3643 17.324 5.9767 1.1365 11.086 10.384 0 6.4065 5.2034 10.775 14.231 18.504 8.3751 4.6406 22.416 0 11.881 22.558 12.747 10.597 0 0.79734 3.4061 7.4132 3.2313 1.3578 16.486 13.643 0 12.112 11.015 7.4966 8.1467 10.796 21.457 2.9063 1.0319 4.8034 15.427
4.8469 6.2565 3.6961 8.6324 6.1349 13.596 0 0 11.552 3.2759 7.0863 18.591 0 14.611 0.96075 0 0 9.6179 19.502 2.5038 0 9.1162 2.2829 6.9048 11.321 13.661 15.044 3.3679 4.1354 8.212 3.3532 1.3051 7.179 11.592 4.9156 10.521 2.572 12.893 12.764 10.162 15.403 0 0 8.3962 7.3041 3.7895 0 7.1485 4.159 17.743 11.435 0 8.3211 8.3451 0.8008 1.1428 0.19733 15.834 5.777 2.4013 2.2915 6.9521 5.47 10.744 5.7221 10.747 4.5654 0 0 8.735 2.5144 11.059 15.712 0.33381 5.8979 5.6967 10.139 0 3.7009 0 14.465 13.653 6.7641 0 0 8.5124 4.9132 20.363 3.7422 11.557 0 0.40902 0 11.574 0 22.896 0.23671 1.8981 15.787 15.973 0 4.8821 0 0 14.202 9.7802 15.842 14.176 15.818 17.481 4.0389 0 19.61 4.4162 7.9561 7.6369 9.4085 7.9244 7.5157 9.9811 14.511 10.776 12.894 0 13.37 0 0 16.751 5.0381 4.2725 0 9.6107 14 0 14.241 2.2728 4.3564 20.166 5.479 0 4.3953 17.182 6.5962 17.882 13.409 4.5668 7.6475 9.6575 0 8.2861 0 15.118 5.7488 4.9109 0 5.2229 0 4.7543 0 7.9048 15.22 2.0837 4.6135 2.6026 4.0668 14.213 0 4.8362 0 7.3464 2.7758 17.693 0.23048 2.0566 4.5304 5.1645 19.296 0 0.75167 17.394 20.206 2.5671 3.9468 0 13.381 0.066148 7.5203 1.2698 6.6354 9.3429 11.599 14.957 5.3952 8.5599 0 0.07918 3.1742 0 0 4.608
17.873 0 0 4.48 0 10.121 4.0058 1.6381 12.311 6.1339 10.426 9.7436 0 1.6274 5.097 0 0 0 9.1214 0 14.761 2.2592 11.214 14.22 7.4946 22.53 0 2.0241 0 0 0 2.4478 1.1822 12.039 1.5363 12.86 14.099 6.7221 16.368 6.1153 1.8079 0 0 3.2047 10.399 0 11.357 0 0 0 9.6287 2.6842 6.3675 9.4902 0 0 0 0 9.9196 10.066 11.151 6.6115 7.4941 9.6814 7.9494 10.354 8.6354 0 18.68 13.696 0 25.677 16.197 5.5566 3.6202 3.8155 0 21.973 9.2967 4.9292 13.897 0 3.2621 7.7852 4.0935 9.7981 4.6067 6.6703 12.14 7.2283 11.36 17.212 15.589 11.537 6.3019 12.639 1.2224 13.254 7.8071 17.252 10.322 3.7559 10.851 5.5319 0 6.1485 9.0733 1.2483 0.39591 12.563 8.2333 12.037 7.65 8.8743 0.087382 12.532 10.125 0 14.329 7.8984 0 22.962 7.7178 18.488 5.9996 7.8864 0 3.509 5.0962 18.97 4.3383 10.705 0.031847 11.509 10.26 12.731 15.454 1.3939 0.23011 6.8357 7.6 0 3.2449 4.7339 8.0057 17.528 6.2093 11.884 0.37119 0 11.305 5.8692 5.8586 9.6444 2.2933 4.7266 0.69341 4.6063 8.1286 0 0.9787 5.7744 3.0957 6.9076 12.476 1.8004 7.9513 0 0.55295 0 19.792 1.3828 9.5601 13.774 19.744 0 9.7819 0.20302 0 8.2195 2.4432 14.719 11.753 15.438 5.7444 2.4043 0.30965 17.239 4.4515 4.9487 0 14.97 11.116 0 5.4013 13.698 19.409 8.4807 0 1.8361
6.0567 0.87657 15.862 11.946 9.7807 0 9.5201 0 6.7535 0 0.82389 9.7152 1.7639 5.5499 1.6197 9.6179 0 0 10.175 15.834 0 4.8339 7.6925 0 9.6225 0 4.3116 7.6138 13.537 8.8424 22.164 6.1695 11.848 15.72 3.6129 6.4995 5.4944 6.3436 23.007 0 0 8.0338 5.6254 15.166 14.84 15.151 5.7825 0.39897 0 4.7976 7.5316 0 10.635 18.112 8.433 4.0144 9.7508 4.2395 0 0 0 0.39931 3.5142 13.794 5.1507 9.9784 9.2137 12.951 10.234 0 22.58 18.138 9.5302 0 0.11124 15.05 12.777 22.127 0.7203 4.0278 1.2115 1.4308 8.7658 7.373 3.8692 8.4936 5.8257 0 7.4682 6.6739 11.489 12.655 8.4753 0 4.0407 0 0 0.0328 0 12.937 1.9348 3.89 1.8002 13.282 0.52716 6.3356 16.199 4.2774 0 10.493 13.507 3.4421 6.3407 1.3632 9.0921 10.99 7.3566 14.569 5.2654 9.1399 0 6.0593 1.0075 0 15.012 11.231 12.319 3.4157 9.8035 0.47828 4.4695 9.6414 8.5303 0 0.39176 7.3988 12.862 3.4862 15.754 21.083 7.4381 2.6998 3.0556 7.7666 2.7477 7.559 6.374 0.049578 9.1644 4.6279 8.2049 7.0497 7.6438 8.3363 13.366 1.769 10.801 9.1563 0 8.8156 17.733 16.385 12.868 0 4.9418 15.9 7.5579 2.1372 8.0575 6.0857 12.713 17.845 15.421 4.4334 9.4138 1.9229 0 6.3257 1.1101 15.547 1.6654 13.181 0.36236 1.7117 0.56974 8.2751 9.1344 8.9148 3.9585 0 7.9232 2.0618 0 15.177 1.008 11.089 5.4789 13.412 0.65937 0
0.98429 4.7657 8.029 5.2203 11.076 6.8211 9.9304 0 14.832 3.8192 3.1018 5.6985 13.583 1.6471 0 19.502 9.1214 10.175 0 0.5879 1.1446 1.9121 4.8195 2.1765 18.917 0 24.617 10.384 7.1882 15.943 9.8654 7.2635 0 5.8611 0.098616 10.574 0 2.9466 0 4.6685 0 0 10.678 6.4988 3.3764 6.7574 8.2323 19.094 1.8181 0 8.4179 3.5213 0 0 3.7067 17.456 12.579 2.6037 1.4309 0 7.6238 0 1.7074 0.1037 10.646 13.332 15.361 5.442 1.5153 9.9065 0.028786 16.256 3.0729 1.3195 4.0703 1.4073 8.8767 0.62241 16.585 2.0351 3.8853 5.9229 4.3823 10.125 0 12.269 6.0005 12.297 17.902 12.002 2.8401 18.606 9.5757 8.0827 7.7968 17.296 3.4958 0.065731 12.983 13.018 7.7053 4.6639 7.7571 0 14.48 8.0745 0.89146 0 7.258 7.2886 3.9934 0 9.7435 0 13.789 3.325 0.45221 9.0182 16.041 11.009 8.9235 9.7921 4.3682 14.993 7.2583 16.001 0.9748 11.041 15.193 5.207 3.8101 0 7.2174 1.4679 0 0 3.8415 0 16.231 0 3.7428 24.877 11.898 0 14.45 3.6651 11.261 2.8276 0 5.2209 7.527 8.8839 9.7768 10.397 14.984 0 0 19.498 5.4609 7.7788 4.6175 1.5008 4.7787 9.6929 16.892 12.85 5.2768 5.9252 6.2143 8.0537 7.4359 3.5158 3.4264 11.702 2.1809 19.211 3.5147 0 2.5451 0 5.5282 12.099 0 6.8295 7.8761 2.89 7.619 6.3021 7.3074 3.8399 1.4838 0 16.485 5.3864 0 5.384 1.429 2.5056 6.4963 8.4054
15.208 8.3995 1.1563 20.127 0 2.0272 0 8.9824 12.68 7.9698 2.9785 5.7696 2.1498 9.2713 7.562 2.5038 0 15.834 0.5879 0 3.5153 1.4307 6.4195 8.5219 8.1248 3.5211 15.81 14.771 0 0 7.1851 3.581 1.5057 6.0478 0 0.14714 3.8175 13.746 6.802 2.9192 0 7.5232 9.172 11.292 6.2986 0 2.6161 0 5.4353 7.6795 3.8683 0.26472 0 8.531 2.8599 7.7817 2.4789 5.5995 3.4514 0 11.371 0 16.183 12.741 12.02 8.4967 0 6.2443 7.0602 6.7828 14.817 6.6588 4.7687 2.6589 2.6352 0 0.65022 0 10.723 0 17.861 16.14 12.365 5.5866 15.86 0.70025 11.008 0 4.4939 1.4494 5.6643 6.8231 9.0917 21.119 7.8254 4.7276 0 6.7835 9.4296 12.559 8.1445 0 2.3513 17.457 12.328 5.5218 0 10.452 0 2.2945 4.1299 7.0484 9.8942 8.3541 0.43736 12.668 11.777 0 7.3796 17.405 11.034 11.749 13.515 17.271 9.1498 4.3884 0 7.872 0 15.573 0 8.4102 0 13.024 5.8333 11.808 13.223 1.8748 6.165 5.7636 0.49166 8.182 11.236 0.79932 5.2935 6.1815 7.6212 1.7386 8.8363 0 10.982 7.1996 1.0598 5.69 11.73 5.6815 0 6.088 0 5.8042 17.876 4.308 11.151 5.7417 6.1623 3.7258 8.4559 9.6257 6.987 2.0421 2.6346 10.467 3.5872 7.5442 13.829 3.3693 0 0 0 0 13.67 2.2676 8.1513 9.5455 17.878 0.051088 13.291 2.0169 0 11.448 5.761 0 9.3396 7.8369 7.2189 1.2666 0 11.841 0 9.283
11.358 0 5.6552 7.5595 2.5096 7.2528 8.3701 23.39 7.759 7.6863 0.20071 13.463 1.7583 10.053 6.3729 0 14.761 0 1.1446 3.5153 0 3.9099 2.2086 0 10.217 0 14.817 8.3106 12.946 8.2909 2.1014 8.3151 0 10.343 11.463 8.147 0 9.0316 13.314 15.389 20.913 0.40576 7.2972 0 7.4824 5.3114 7.064 2.1861 11.419 8.4342 0 11.226 9.8333 0 17.453 6.4122 0.30206 13.819 10.036 17.584 0 8.4197 0.40917 12.35 7.4723 4.9092 9.9162 13.367 4.632 14.306 1.7573 7.0475 0 0 0 9.428 4.137 5.088 4.7856 0 13.7 0 0 4.5127 7.1658 5.4999 2.2964 0 1.7915 5.9871 1.9939 6.2093 15.927 0 0 1.6594 0 10.339 9.5158 18.204 16.533 7.0609 8.6108 0 13.37 12.877 0 7.7738 9.0059 0.0908 11.926 25.661 12.639 1.7472 0 2.7458 0.82414 11.827 17.23 0 10.612 0 6.2081 14.657 0 0.94251 18.775 19.157 11.817 21.293 9.6267 10.135 10.386 15.327 11.734 9.4899 0.53775 19.365 15.768 0 10.439 1.014 15.905 5.6355 9.2075 10.425 9.081 13.6 9.1657 3.0992 1.5002 17.178 13.285 4.4112 0 8.9109 8.2772 21.459 4.9145 15.176 1.0658 1.9805 14.571 14.247 1.1993 11.023 6.1964 9.1333 6.6085 0.41179 9.5692 22.115 1.9588 13.61 17.593 0 6.3938 0 0.49775 7.7206 5.3272 4.0193 6.5111 1.2719 7.3145 0 12.528 9.4012 0 0 5.4307 0 8.2071 11.797 0 5.4923 5.0244 8.6692 6.5486 11.006
4.6711 13.368 6.8649 13.843 9.8713 8.3218 14.437 4.1806 9.8756 4.3321 14.44 0.39764 12.262 11.408 9.3999 9.1162 2.2592 4.8339 1.9121 1.4307 3.9099 0 3.773 7.7073 11.051 2.0085 0 22.966 1.4569 0 4.7255 7.352 7.8849 0 0 1.7369 13.991 15.635 15.388 2.4061 4.86 10.771 5.3938 0 2.4806 14.644 5.4803 17.935 2.0659 3.4451 4.9058 10.335 11.343 15.451 6.3073 0 0.13298 1.6173 0.8621 5.5035 0 1.2547 9.9984 0 0.8099 1.2386 4.4593 4.0675 15.148 0 16.158 5.8511 18.244 11.277 13.703 6.6655 7.5626 3.1849 21.876 0 3.9779 16.82 0.54594 12.983 12.451 11.94 10.157 0 9.3518 7.3013 9.9693 0 10.074 14.072 0 5.591 12.451 3.9654 4.7212 9.6525 0 10.739 9.6787 4.0415 14.643 0 15.023 9.2771 16.636 15.469 3.0882 15.236 6.586 10.039 18.54 3.4793 7.6911 8.3697 3.9764 12.361 0 5.7616 0 2.9529 5.455 9.4114 3.5587 4.2956 12.378 3.7188 9.1735 7.0666 1.3105 5.3729 3.8971 17.883 8.022 5.265 2.1972 0 16.488 8.6238 3.4706 0 0.078789 12.376 0.90638 6.0306 0 8.0212 0 33.485 7.4643 12.603 5.839 8.7106 17.106 14.047 13.176 0 4.3833 0 12.766 4.2935 17.007 16.979 2.7989 12.156 2.2283 7.0287 8.4774 1.0683 4.8525 0 13.255 0 17.742 0.67544 8.0124 0 0 9.8251 10.85 13.146 5.7678 4.6194 0 1.3449 0 12.728 33.092 7.4313 20.774 0 2.3797 8.5257 12.835 9.7002 3.8757 0
0 9.1792 0 15.532 15.606 16.239 4.8751 14.795 2.0808 11.204 6.0635 2.9183 4.3997 0 7.3403 2.2829 11.214 7.6925 4.8195 6.4195 2.2086 3.773 0 8.9308 5.6192 4.8558 2.4648 5.639 15.947 6.8076 0.8925 7.8186 10.01 10.49 0 12.113 15.197 1.0847 0 18.255 15.808 1.2664 5.7603 17.223 3.192 0.48035 19.547 6.2456 16.338 0.68106 14.081 11.229 12.478 10.893 15.488 4.3517 8.024 4.3814 0 2.2003 12.131 14.808 6.2854 8.7176 0 0 8.436 12.376 7.5021 0 0 9.5044 4.0599 5.7583 2.8076 15.452 8.0745 1.1299 7.0635 12.407 3.243 8.0499 14.665 2.0736 24.286 8.7242 6.1717 8.4336 4.8375 3.3346 18.856 6.4089 1.1062 15.41 3.5486 6.6336 11.401 0 16.21 0 11.73 3.3464 0 10.862 11.532 0.090875 2.7561 6.023 4.5322 5.2598 0.71004 0.78904 8.7224 4.7074 0 12.732 22.491 16.315 11.384 6.3621 11.922 1.0309 0 0 14.892 12.282 8.3696 0 11.909 17.522 2.7119 7.871 8.6283 13.468 14.429 12.166 5.4315 6.1565 5.0243 18.91 0.55773 10.775 11.929 9.789 0 0 13.865 0 0 5.3555 8.168 19.872 0 5.5807 7.9749 12.461 0 19.641 14.068 13.964 15.392 14.95 8.305 5.8165 11.968 12.196 5.724 0 5.7737 4.8243 16.974 0 9.0631 12.379 8.1222 0 7.0216 11.727 23.597 5.6695 0 7.7251 6.7654 9.5004 1.2798 19.419 0.74168 9.5939 0 13.484 13.503 12.76 0.59986 14.981 5.1531 2.6552 15.806 8.0757 14.72 20.481
0 0 8.8748 9.8592 10.567 18.611 5.5026 14.453 14.424 7.5225 16.026 4.4596 9.4509 6.282 11.831 6.9048 14.22 0 2.1765 8.5219 0 7.7073 8.9308 0 12.188 14.152 13.093 7.3966 0 12.945 11.339 0.85956 7.0298 9.3103 6.3572 7.8468 14.037 4.6182 0 8.9052 4.9964 1.0427 3.6576 0 28.864 11.335 14.661 12.891 2.1849 10.224 7.8949 10.508 6.1629 2.107 1.26 0 13.634 8.6127 21.111 7.458 8.009 14.709 12.261 7.8685 4.8353 18.595 4.8756 0 6.6911 7.2017 3.3745 5.2446 7.6416 5.9624 7.9489 6.686 2.9512 2.0456 7.2896 15.241 6.5876 23.606 8.1848 1.762 3.1746 6.6065 15.055 0 2.8971 0 15.903 6.8085 1.1911 20.403 19.914 6.6465 0 10.971 8.2595 3.3708 0 0.07143 3.741 0 0 0.094833 15.066 0 7.9481 5.1226 18.414 8.3486 10.756 7.4486 8.2405 15.775 25.401 3.6015 0 0 15.113 6.7224 0 9.0595 0 7.392 6.4812 9.9864 9.3566 6.9282 9.0352 0 19.55 0.76198 16.014 1.1422 8.9197 0 5.1611 3.5848 0 8.3245 2.7278 11.787 0.078715 9.2366 11.471 2.1056 7.2886 10.085 14.512 2.1751 7.4978 0 7.0947 5.0517 5.3832 5.2584 9.4915 0 0.77799 1.2915 5.2016 2.3018 10.027 6.3054 15.039 4.4218 1.8739 13.464 10.448 0 1.6663 0.9612 1.7062 11.765 2.3768 21.513 16.11 13.199 8.9311 2.9089 9.6995 0 7.6615 17.428 12.671 14.346 5.0853 11.433 0 7.4109 12.394 7.5502 0 11.887 17.142 7.9161 1.9134 7.7882
11.381 0.80814 5.1516 17.974 0.76684 15.026 4.972 7.5893 8.4017 0 2.8983 17.885 0 16.557 14.334 11.321 7.4946 9.6225 18.917 8.1248 10.217 11.051 5.6192 12.188 0 21.637 13.055 18.559 16.95 4.8074 7.9739 11.553 8.6937 9.1862 0 10.428 24.522 5.8126 12.807 2.1729 7.0768 1.7497 1.5121 5.8854 10.471 0 0 8.7337 6.9741 4.5919 15.97 12.264 13.16 17.506 3.8927 2.7519 8.5571 0.28041 15.056 10.149 12.124 2.3387 0 0 10.279 3.4365 7.1593 7.7632 17.541 9.1781 10.322 16.373 0 0.79087 5.9529 0 1.0485 9.4939 7.1041 7.712 13.773 11.194 0 7.3586 9.9231 5.2421 2.8056 4.7668 13.939 3.0957 9.5589 2.5274 13.655 4.8723 6.7903 6.2031 11.151 5.3612 0 14.89 2.7094 6.2964 3.2177 0 0.49491 16.89 15.694 8.0847 15.224 3.7688 0.075228 11.868 10.483 0 4.3005 26.826 0.90391 3.7024 24.484 0 1.2628 4.0432 14.699 20.988 7.9086 0 4.3397 13.339 7.3899 5.4731 0 0 8.9711 6.7228 6.0085 11.693 16.009 6.146 6.2652 0.8501 17.998 17.869 0 0 11.284 13.047 3.5633 4.9896 9.5253 6.4042 2.0794 13.506 0 18.973 10.003 4.5106 11.347 20.975 9.6001 4.6069 2.411 9.2029 8.2113 8.2416 0 11.362 13.325 6.0529 10.155 10.402 16.677 8.6137 12.631 5.2725 9.6521 6.6938 17.455 3.8124 10.547 7.5377 2.9826 4.0373 1.7253 13.75 14.803 0 0 3.0355 8.1362 12.19 3.7796 12.966 4.9265 1.816 7.6977 12.736 14.987 19.813 13.074 8.6022
3.1248 4.5552 10.553 9.7324 11.39 0 2.7845 5.6817 2.6535 9.9601 0 3.3344 0 0 7.2701 13.661 22.53 0 0 3.5211 0 2.0085 4.8558 14.152 21.637 0 5.2953 1.055 2.2469 1.1267 0 6.4829 16.939 11.267 3.7386 3.65 0 11.665 23.205 0.85309 0 0 14.132 10.12 12.539 10.637 3.1957 6.4371 11.117 4.2542 8.9542 4.7265 0 8.4446 8.8963 3.5537 8.9735 12.577 7.0839 8.5487 5.9013 2.5888 0 8.943 0 2.984 14.52 0.40039 6.5517 12.567 0 2.4749 6.5565 8.4753 13.296 3.5938 15.01 0 8.6515 0 2.1009 14.079 9.1538 7.4143 10.833 19.431 17.611 11.779 1.162 26.243 13.053 10.056 8.4459 17.646 12.334 4.703 20.701 0 0 15.03 13.135 11.915 10.152 0 18.21 10.114 8.3074 0 7.8116 6.5909 0.47033 9.2397 7.2387 0 17.023 9.339 0 9.8452 0 13.677 5.612 21.933 10.15 2.8005 10.353 0.10245 2.6106 11.739 9.7738 4.7698 12.006 0 8.5377 19.608 15.896 18.085 2.5488 5.1241 7.7072 1.266 10.995 23.166 2.6848 3.0115 0.49797 10.539 9.858 8.6866 2.9212 7.055 2.3359 6.2997 0.93248 0 0.49416 3.3405 3.7616 0.89742 0.81231 4.1537 9.516 0 16.992 14.808 7.869 15.523 4.8418 0 6.4022 7.1449 5.8277 4.9744 2.0618 2.3306 10.096 17.735 6.6917 0 21.58 0 0 11.422 18.173 2.6785 11.768 0 0 2.5837 14.825 17.208 15.765 10.649 8.0701 9.1546 15.978 9.2528 11.176 9.0361 1.3067 3.0419
10.157 23.251 8.5518 2.7187 12.923 4.6428 0 0.11326 10.763 2.9739 10.024 7.0647 14.795 14.35 1.4172 15.044 0 4.3116 24.617 15.81 14.817 0 2.4648 13.093 13.055 5.2953 0 4.1522 16.645 13.408 10.707 6.9956 3.1187 12.264 11.426 11.741 0 0 15.674 8.8549 15.138 1.8328 1.9445 0 4.171 9.8469 11.909 4.0603 2.5007 4.5315 9.6899 5.6199 4.9592 6.1965 22.168 18.56 10.473 17.487 18.261 0 8.6165 2.4284 1.54 2.694 0 12.312 4.0515 0 7.5236 0 7.5701 16.846 14.474 6.4832 26.872 16.9 0 0 10.538 0 9.2499 8.4301 11.268 3.8053 6.2018 10.099 12.557 19.956 7.4705 23.536 14.066 0 14.143 16.134 0.8141 1.5081 2.7289 11.911 5.574 15.095 2.9987 0 9.43 7.1548 15.655 2.4393 4.6457 4.5933 18.094 7.732 10.265 2.124 0 13.965 0 9.279 6.8589 2.9606 0 8.9016 3.8686 10.541 0 16.218 1.805 0 8.6891 0 0 14.297 13.529 7.7166 18.037 3.8716 1.6026 2.4125 12.489 10.93 12.077 10.358 14.291 12.322 0 2.1854 18.201 6.9341 3.729 0 9.0542 5.8992 3.9176 15.501 12.327 10.219 0 0 2.3121 7.4889 8.1032 11.261 14.895 5.0706 1.1048 0 16.486 21.579 17.31 9.7625 1.2374 22.56 7.4319 12.168 1.5538 10.551 6.4827 2.1153 3.8563 7.906 4.3117 8.8304 19.963 5.7957 8.9397 17.413 0.45695 8.0497 15.191 2.3929 3.0651 10.398 0 7.7117 6.4979 8.8618 16.055 14.842 1.9063 17.221 0 4.3926
7.1814 10.038 12.345 14.74 18.997 6.5277 18.965 0 12.745 6.7241 4.9059 14.405 11.626 14.046 9.2738 3.3679 2.0241 7.6138 10.384 14.771 8.3106 22.966 5.639 7.3966 18.559 1.055 4.1522 0 3.9514 0 2.218 10.529 15.483 12.533 0 14.418 0 6.3892 18.281 9.3473 4.0486 10.102 18.74 17.877 5.5419 3.1374 7.2441 0 7.6998 8.9381 1.2556 0.46901 10.633 0 12.785 0 9.3843 0 13.44 10.767 0.30551 0 0 11.871 12.374 0.55746 3.8262 7.5297 0.14778 16.935 6.0565 23.634 15.946 0.06531 8.9954 3.0588 0 0 10.88 14.926 0 7.6389 11.669 16.694 3.0061 0 14.037 9.9199 0 9.8677 0 11.085 1.3522 8.4702 8.7997 9.7664 5.8233 16.842 9.2957 6.3605 6.4272 3.3645 13.865 10.842 10.455 1.7941 14.251 18.407 9.8993 3.7454 25.842 18.246 9.6512 1.9126 8.1117 2.2599 0 16.459 6.6608 11.324 2.4935 12.064 13.333 2.3672 8.0935 2.7006 11.032 5.4672 9.0275 0 11.182 0 6.9345 8.8551 13.525 0 8.7346 6.7741 13.261 2.0705 7.0745 8.8994 15.887 0 14.348 10.92 16.644 11.085 0 11.681 5.9294 22.165 21.064 14.342 8.1901 7.6209 3.2764 13.551 7.2741 0 9.6301 3.1483 0 8.7509 7.1379 0 11.924 2.4667 0 3.6019 26.911 2.4893 19.065 0 0 0 5.0053 8.0853 3.3522 1.0436 8.8542 8.7632 3.2009 9.2479 16.037 0 11.876 10.774 10.575 12.796 9.1279 0 1.4543 23.783 0 6.0041 15.619 13.231 22.533 4.0321
0.47324 13.138 5.7621 4.6413 7.3855 9.9819 2.9084 2.8645 0 3.9016 4.8074 17.02 6.8169 13.385 0 4.1354 0 13.537 7.1882 0 12.946 1.4569 15.947 0 16.95 2.2469 16.645 3.9514 0 15.964 14.213 5.9839 13.573 7.2092 9.2035 12.787 10.379 0 14.572 5.6139 6.8248 13.211 3.7319 7.4433 11.214 10.27 6.8163 6.8385 5.7374 0 4.921 2.1923 6.1246 0 17.851 9.6651 11.876 2.251 5.3805 6.4305 0 1.2946 10.819 4.537 9.22 8.4922 9.2308 0 1.0957 4.8969 2.6396 0 12.1 0 1.3153 0 5.6717 0 6.7561 9.9727 8.1555 5.7047 6.5938 10.726 3.3411 0 11.753 3.7269 7.2622 11.278 5.6934 6.6648 10.779 1.7823 10.09 10.994 0 10.261 0 20.858 1.3597 0 2.1034 5.8308 9.3267 0.09276 13.177 5.477 22.933 10.689 19.376 0 15.126 19.109 10.729 16.019 6.8027 11.519 1.3353 16.982 0 3.6394 0 0 6.3116 17.031 0 0 12.253 0 14.552 0 9.4851 7.8877 9.86 16.528 1.2106 13.459 1.1434 15.234 19.576 6.3894 0 0 11.601 0.18982 0 5.4064 0 3.1119 14.366 0 11.614 0.7523 18.691 0 5.4868 1.0669 3.8059 0 13.634 3.2666 0 11.862 5.6752 3.36 9.0734 1.6529 5.373 11.875 15.966 9.2608 1.4444 9.5785 5.7088 11.609 1.7748 14.631 0 1.3456 7.1339 19.911 7.2002 1.5462 7.1686 16.411 23.347 3.6076 0.62999 2.5642 0.97061 0 2.1553 9.4996 22.453 11.844 1.8728 3.4336 0 13.931
8.5159 11.206 16.149 8.9364 7.3452 11.462 0 3.2287 12.75 4.058 0 12.447 3.4611 0 7.9536 8.212 0 8.8424 15.943 0 8.2909 0 6.8076 12.945 4.8074 1.1267 13.408 0 15.964 0 6.3243 18.868 5.1888 16.233 0 5.6465 0 3.6709 0 3.68 0.17938 0 10.295 8.5089 10.859 0 13.08 9.2457 0 11.824 8.8223 4.6894 0 5.6762 16.002 6.4485 10.798 14.527 6.5521 0 12.042 3.2732 3.536 11.844 6.6865 15.471 9.2748 21.649 10.04 7.38 7.0794 14.576 15.852 11.937 21.235 4.9413 0.83774 5.9076 11.419 0.99125 0.84394 19.637 11.25 0.99911 3.4247 4.0946 13.6 9.4028 14.031 0 9.682 6.3177 5.1016 0 2.3279 14.437 10.45 2.9554 5.7699 12.156 0 11.102 7.0036 9.566 16.026 1.4715 1.1417 1.7811 6.2264 0 16.649 3.2663 11.07 14.98 6.1721 0 4.3362 9.9956 0 4.2014 20.362 7.6277 2.2931 3.7373 0 1.6551 7.3702 6.2906 11.039 4.5425 19.272 12.537 22.702 11.375 5.2884 5.305 3.9371 11.195 6.5506 13.665 2.2121 11.468 17.866 0 18.991 2.6871 8.1518 7.2575 18.376 11.903 2.0845 7.6259 9.9502 15.843 10.201 0.94382 10.296 12.194 14.5 0.22162 1.7424 12.718 5.6561 3.3378 4.9606 6.6914 16.806 6.2393 3.557 21.251 7.4714 0 10.293 10.756 6.9986 3.239 3.9283 5.8151 8.8777 15.226 8.7869 3.951 0 16.033 9.4416 12.033 14.703 15.686 0 8.511 0 4.442 3.5906 13.815 2.9095 6.7879 10.166 10.48 9.9828 1.8292
4.8249 0 6.1035 8.2539 0 5.7041 0.34155 2.6645 0 1.9697 3.1253 16.484 7.8134 4.2937 9.72 3.3532 0 22.164 9.8654 7.1851 2.1014 4.7255 0.8925 11.339 7.9739 0 10.707 2.218 14.213 6.3243 0 4.4603 5.2304 0.31876 2.2532 4.4958 0.2009 5.7473 1.1875 1.7172 13.074 10.334 0 6.9372 4.0861 3.9295 0 7.0011 6.7375 0.86857 8.815 2.053 1.1285 0 13.2 2.8919 6.7958 11.841 1.1193 12.829 0 3.1718 3.1156 5.193 0 4.6896 0 4.9769 0 6.8757 0 0 12.332 0.19913 0 16.277 0 0 10.855 3.3659 8.2689 7.1694 11.601 10.227 10.7 12.547 14.315 11.402 0 6.5993 1.3125 19.275 18.217 9.3324 8.4919 0 8.2659 2.7679 4.301 16.714 3.5375 2.9951 0 10.219 4.0113 0 5.5973 6.4887 9.7662 7.9196 0 2.6084 5.0161 5.0035 16.426 9.322 10.028 0 7.3788 10.684 7.9002 9.7728 3.732 3.4179 16.067 7.3305 0 8.5504 9.3177 0 8.3937 0 10.239 6.5154 6.1613 11.923 3.7858 12.867 0.99494 15.147 8.2469 6.0324 1.2206 5.6216 0 1.5812 8.8682 7.0843 5.7034 14.598 0 0 24.755 5.5426 14.314 6.7875 11.908 16.154 0 0 3.1035 0 4.1599 8.8747 12.068 7.2656 0.26429 4.9993 0 14.162 0 12.805 14.211 4.3224 16.88 0 0 0.99791 2.5928 12.875 10.967 2.5517 16.003 0 10.565 3.1422 0 6.0969 5.3533 8.1673 4.2012 5.4259 2.9097 22.203 19.259 6.4734 13.994 8.8603 8.1118 16.171
0.13936 10.886 6.0785 7.8893 8.022 4.8054 0 13.19 5.1154 2.358 6.199 7.2444 5.4322 2.8187 5.9556 1.3051 2.4478 6.1695 7.2635 3.581 8.3151 7.352 7.8186 0.85956 11.553 6.4829 6.9956 10.529 5.9839 18.868 4.4603 0 11.309 4.2969 3.7528 0 11.549 3.8033 7.3076 11.695 8.9747 10.809 0 4.31 9.7189 15.028 11.961 3.9509 16.074 9.795 13.848 10.476 18.928 0.18729 8.1682 13.581 15.612 0.60422 1.1178 5.8471 4.322 4.3195 10.285 12.476 5.8302 20.293 0.59361 4.5573 7.2929 5.8571 0 0 14.671 0 13.021 11.253 0 21.13 1.6085 4.8625 1.7417 15.846 5.0881 7.0778 5.9524 1.2615 7.1723 9.8909 0 0.86124 9.8825 16.336 0 9.3237 21.346 0 15.37 2.8427 21.609 0 13.723 0 0 4.5934 20.612 9.8199 9.3529 10.709 0 0 4.9104 5.4835 3.9512 8.8439 11.932 9.6378 5.6886 0 3.6199 1.9311 6.3644 8.6737 5.9231 1.0738 0 6.7202 13.201 4.3563 9.2969 11.727 11.638 10.106 3.4854 1.5094 8.889 3.4652 8.7533 4.0276 14.773 14.762 1.1919 16.425 9.5144 8.7962 16.673 19.781 7.5427 3.6566 0 11.922 10.138 1.3642 1.4066 0 8.0522 8.2037 0 10.869 11.754 10.241 12.336 13.71 7.2762 5.8846 8.4364 0 13.285 11.276 0 10.269 5.4966 7.4585 0.58935 0 0 5.7458 13.042 3.8825 9.5496 14.682 11.579 0 0 9.1543 18.899 6.6215 3.7759 0 13.294 3.9046 1.1069 0 10.268 6.1367 7.0426 7.1556 10.314 8.8157 0 1.5183
